# hostname;interval;timestamp;kbmemfree;kbmemused;%memused;kbbuffers;kbcached;kbcommit;%commit
www.example.com;598;2018-09-17 00:10:01;311416;3612996;92.06;198932;2934112;1664744;27.80
www.example.com;597;2018-09-17 00:20:01;311760;3612652;92.06;199036;2934124;1664336;27.79
www.example.com;595;2018-09-17 00:30:01;311324;3613088;92.07;199152;2934132;1664608;27.80
www.example.com;595;2018-09-17 00:40:01;311668;3612744;92.06;199264;2934148;1663536;27.78
www.example.com;594;2018-09-17 00:50:01;311388;3613024;92.07;199372;2934160;1664664;27.80
www.example.com;597;2018-09-17 01:00:01;291988;3632424;92.56;199484;2934184;1690652;28.23
www.example.com;597;2018-09-17 01:10:01;289508;3634904;92.62;199628;2935308;1691524;28.24
www.example.com;593;2018-09-17 01:20:01;307652;3616760;92.16;199776;2935324;1665688;27.81
www.example.com;592;2018-09-17 01:30:01;306536;3617876;92.19;199904;2935336;1670608;27.90
www.example.com;596;2018-09-17 01:40:01;305468;3618944;92.22;200032;2935344;1671696;27.91
www.example.com;596;2018-09-17 01:50:01;305468;3618944;92.22;200172;2935352;1670860;27.90
www.example.com;597;2018-09-17 02:00:01;310220;3614192;92.10;200308;2935376;1661436;27.74
www.example.com;598;2018-09-17 02:10:01;306800;3617612;92.18;200456;2935500;1665452;27.81
www.example.com;596;2018-09-17 02:20:01;314180;3610232;91.99;200560;2936660;1655532;27.64
www.example.com;596;2018-09-17 02:30:01;301196;3623216;92.33;200660;2936672;1674500;27.96
www.example.com;597;2018-09-17 02:40:01;307956;3616456;92.15;200792;2936676;1663916;27.78
www.example.com;596;2018-09-17 02:50:01;306100;3618312;92.20;200928;2936688;1662336;27.76
www.example.com;595;2018-09-17 03:00:01;288552;3635860;92.65;201048;2936716;1692024;28.25
www.example.com;595;2018-09-17 03:10:01;292304;3632108;92.55;201228;2936992;1683788;28.12
www.example.com;593;2018-09-17 03:20:01;293112;3631300;92.53;201356;2937000;1682312;28.09
www.example.com;597;2018-09-17 03:30:01;296056;3628356;92.46;201460;2937008;1682404;28.09
www.example.com;594;2018-09-17 03:40:01;305752;3618660;92.21;201604;2937012;1665600;27.81
www.example.com;594;2018-09-17 03:50:01;305824;3618588;92.21;201672;2937020;1665312;27.81
www.example.com;593;2018-09-17 04:00:01;306568;3617844;92.19;201760;2937032;1665056;27.80
www.example.com;598;2018-09-17 04:10:01;303924;3620488;92.26;201924;2937032;1665732;27.81
www.example.com;597;2018-09-17 04:20:01;305404;3619008;92.22;202064;2937040;1664816;27.80
www.example.com;594;2018-09-17 04:30:01;299096;3625316;92.38;202204;2937048;1674784;27.97
www.example.com;594;2018-09-17 04:40:01;304196;3620216;92.25;202316;2937052;1666112;27.82
www.example.com;594;2018-09-17 04:50:01;304384;3620028;92.24;202408;2937064;1665460;27.81
www.example.com;594;2018-09-17 05:00:02;298864;3625548;92.38;202488;2937084;1673868;27.95
www.example.com;591;2018-09-17 05:10:01;305576;3618836;92.21;202552;2937180;1665176;27.80
www.example.com;595;2018-09-17 05:20:01;309428;3614984;92.12;202620;2938900;1655644;27.65
www.example.com;595;2018-09-17 05:30:01;304808;3619604;92.23;202708;2938904;1661088;27.74
www.example.com;596;2018-09-17 05:40:01;303344;3621068;92.27;202776;2938912;1664668;27.80
www.example.com;596;2018-09-17 05:50:01;303088;3621324;92.28;202864;2938920;1665136;27.80
www.example.com;595;2018-09-17 06:00:01;308412;3616000;92.14;202968;2938936;1656092;27.65
www.example.com;595;2018-09-17 06:10:01;303048;3621364;92.28;203044;2939040;1664568;27.79
www.example.com;595;2018-09-17 06:20:01;302832;3621580;92.28;203100;2939048;1665372;27.81
www.example.com;594;2018-09-17 06:30:01;309684;3614728;92.11;203188;2939056;1655276;27.64
www.example.com;592;2018-09-17 06:40:01;304676;3619736;92.24;203252;2939064;1664148;27.79
www.example.com;593;2018-09-17 06:50:01;303428;3620984;92.27;203312;2939060;1664068;27.79
www.example.com;592;2018-09-17 07:00:01;303988;3620424;92.25;203384;2939068;1662260;27.76
www.example.com;595;2018-09-17 07:10:01;302940;3621472;92.28;203492;2939208;1664192;27.79
www.example.com;595;2018-09-17 07:20:01;302740;3621672;92.29;203592;2939208;1664296;27.79
www.example.com;597;2018-09-17 07:30:01;306528;3617884;92.19;203704;2939224;1656688;27.66
www.example.com;592;2018-09-17 07:40:01;303328;3621084;92.27;203828;2939228;1663904;27.78
www.example.com;594;2018-09-17 07:50:01;301840;3622572;92.31;203956;2939236;1664312;27.79
www.example.com;597;2018-09-17 08:00:01;301592;3622820;92.31;204096;2939248;1664036;27.79
www.example.com;593;2018-09-17 08:10:01;303204;3621208;92.27;204260;2939316;1660436;27.73
www.example.com;594;2018-09-17 08:20:01;300276;3624136;92.35;204396;2939320;1664864;27.80
www.example.com;593;2018-09-17 08:30:01;300592;3623820;92.34;204520;2939336;1665124;27.80
www.example.com;597;2018-09-17 08:40:01;301136;3623276;92.33;204640;2939340;1661972;27.75
www.example.com;596;2018-09-17 08:50:01;299268;3625144;92.37;204740;2939368;1665272;27.81
www.example.com;596;2018-09-17 09:00:01;286028;3638384;92.71;204856;2939372;1688772;28.20
www.example.com;597;2018-09-17 09:10:01;298796;3625616;92.39;204996;2939712;1665572;27.81
www.example.com;596;2018-09-17 09:20:01;300556;3623856;92.34;205128;2939724;1663652;27.78
www.example.com;597;2018-09-17 09:30:01;300428;3623984;92.34;205256;2939736;1664892;27.80
www.example.com;595;2018-09-17 09:40:01;306336;3618076;92.19;205352;2939740;1655416;27.64
www.example.com;596;2018-09-17 09:50:01;292976;3631436;92.53;205624;2940276;1674120;27.95
www.example.com;593;2018-09-17 10:00:01;283024;3641388;92.79;205768;2940280;1691568;28.25
www.example.com;594;2018-09-17 10:10:01;292324;3632088;92.55;206020;2940264;1676072;27.99
www.example.com;594;2018-09-17 10:20:01;262700;3661712;93.31;206420;2942908;1710600;28.56
www.example.com;598;2018-09-17 10:30:01;240244;3684168;93.88;206772;2943300;1748300;29.19
www.example.com;595;2018-09-17 10:40:01;243988;3680424;93.78;207304;2943360;1737756;29.02
www.example.com;593;2018-09-17 10:50:01;237376;3687036;93.95;207428;2946876;1745992;29.15
www.example.com;596;2018-09-17 11:00:02;238344;3686068;93.93;208164;2947196;1744960;29.14
www.example.com;595;2018-09-17 11:10:01;246652;3677760;93.71;208460;2947704;1733328;28.94
www.example.com;596;2018-09-17 11:20:01;243032;3681380;93.81;208596;2947832;1736972;29.00
www.example.com;597;2018-09-17 11:30:01;243040;3681372;93.81;208812;2947932;1734312;28.96
www.example.com;596;2018-09-17 11:40:01;254404;3670008;93.52;209040;2947960;1718288;28.69
www.example.com;594;2018-09-17 11:50:01;234684;3689728;94.02;209160;2948304;1751824;29.25
www.example.com;596;2018-09-17 12:00:01;208520;3715892;94.69;209808;2948832;1782868;29.77
www.example.com;594;2018-09-17 12:10:01;214336;3710076;94.54;210080;2949052;1775060;29.64
www.example.com;595;2018-09-17 12:20:01;247944;3676468;93.68;210160;2949228;1722184;28.76
www.example.com;596;2018-09-17 12:30:01;241312;3683100;93.85;210296;2949312;1732216;28.92
www.example.com;595;2018-09-17 12:40:01;258440;3665972;93.41;210420;2949316;1702268;28.42
www.example.com;595;2018-09-17 12:50:01;275380;3649032;92.98;210520;2949328;1678104;28.02
www.example.com;594;2018-09-17 13:00:01;269404;3655008;93.14;210604;2949336;1686860;28.17
www.example.com;595;2018-09-17 13:10:01;249128;3675284;93.65;210712;2949564;1721992;28.75
www.example.com;595;2018-09-17 13:20:01;243772;3680640;93.79;210792;2950364;1733680;28.95
www.example.com;594;2018-09-17 13:30:01;226068;3698344;94.24;210884;2950372;1759492;29.38
www.example.com;594;2018-09-17 13:40:01;231336;3693076;94.11;210952;2950376;1751448;29.25
www.example.com;596;2018-09-17 13:50:01;206324;3718088;94.74;211108;2964612;1764272;29.46
www.example.com;597;2018-09-17 14:00:01;226640;3697772;94.22;211328;2975628;1704044;28.45
www.example.com;597;2018-09-17 14:10:01;224996;3699416;94.27;212048;2975772;1704720;28.47
www.example.com;595;2018-09-17 14:20:01;225360;3699052;94.26;212664;2975872;1704300;28.46
www.example.com;597;2018-09-17 14:30:01;232136;3692276;94.08;212940;2975916;1695528;28.31
www.example.com;597;2018-09-17 14:40:01;231156;3693256;94.11;213584;2975956;1695808;28.32
www.example.com;593;2018-09-17 14:50:01;230896;3693516;94.12;213960;2976028;1694964;28.30
www.example.com;594;2018-09-17 15:00:01;200804;3723608;94.88;214072;2976040;1744092;29.12
www.example.com;594;2018-09-17 15:10:01;196816;3727596;94.98;214684;2976084;1752364;29.26
